[gd_scene format=3 uid="uid://dk6ot6cogeicr"]

[ext_resource type="PackedScene" uid="uid://uaomc6cxm4l6" path="res://assets/3d/objects/blend_export/obj_sun.gltf" id="1_n3hx5"]

[node name="Sun" unique_id=1094629258 instance=ExtResource("1_n3hx5")]

[node name="OmniLight3D" type="OmniLight3D" parent="." index="1" unique_id=1598569414]
transform = Transform3D(1, 0, 0, 0, 1, 0, 0, 0, 1, 0.32950962, -0.049577713, -1.7213311)
omni_range = 10.0
omni_attenuation = 4.0

[node name="SpotLight3D" type="SpotLight3D" parent="." index="2" unique_id=205948]
transform = Transform3D(1, 0, 0, 0, 0.9659258, 0.25881904, 0, -0.25881904, 0.9659258, 0, 0, 0)
spot_range = 10.0
spot_attenuation = 2.0

[node name="SpotLight3D2" type="SpotLight3D" parent="." index="3" unique_id=1356795604]
transform = Transform3D(0.40573195, 0.23655859, -0.88284856, 0, 0.96592593, 0.2588191, 0.9139922, -0.10501119, 0.391907, 0, 0, 0)
spot_range = 10.0
spot_attenuation = 2.0

[node name="SpotLight3D4" type="SpotLight3D" parent="." index="4" unique_id=1453798050]
transform = Transform3D(-0.50000006, 0.22414389, -0.83651626, 0, 0.96592593, 0.2588191, 0.8660255, 0.12940957, -0.48296303, 0, 0, 0)
spot_range = 10.0
spot_attenuation = 2.0

[node name="SpotLight3D5" type="SpotLight3D" parent="." index="5" unique_id=2121376077]
transform = Transform3D(-0.99440646, -0.027337015, 0.102023005, -7.573668e-09, 0.96592575, 0.25881904, -0.10562211, 0.25737128, -0.9605226, 0, 0, 0)
spot_range = 10.0
spot_attenuation = 2.0

[node name="SpotLight3D6" type="SpotLight3D" parent="." index="6" unique_id=579253425]
transform = Transform3D(-0.7071069, -0.18301272, 0.6830127, 0, 0.9659258, 0.25881907, -0.70710677, 0.1830127, -0.68301255, 0, 0, 0)
spot_range = 10.0
spot_attenuation = 2.0

[node name="SpotLight3D7" type="SpotLight3D" parent="." index="7" unique_id=2011027864]
transform = Transform3D(0.35939455, -0.24152616, 0.9013879, -5.7214424e-09, 0.9659259, 0.25881907, -0.933186, -0.09301813, 0.3471482, 0, 0, 0)
spot_range = 10.0
spot_attenuation = 2.0

[node name="SpotLight3D3" type="SpotLight3D" parent="." index="8" unique_id=501910936]
transform = Transform3D(1, 0, 0, 0, -4.371139e-08, 1, 0, -1, -4.371139e-08, 0, 0, 0)
spot_range = 10.0
spot_attenuation = 2.0

[node name="SpotLight3D8" type="SpotLight3D" parent="." index="9" unique_id=2095378572]
transform = Transform3D(-1, -3.821371e-15, 8.742278e-08, -8.742278e-08, 4.371139e-08, -1, 0, -1, -4.371139e-08, 0, 0, 0)
spot_range = 10.0
spot_attenuation = 2.0
